           C       2.3435         0     0
           1       9.85           0     1
           2     -29.56       61.92     1
           3      34.49       25.33     1
           4      24.64        8.44     1
           5      29.56       16.89     1
           6      29.56       33.77     1
           7      24.64       25.33     1
           8      29.56           0     1
           9      34.49        8.44     1
          10      34.49      -25.33     1
          11      24.64      -25.33     1
          12      29.56      -33.77     1
          13      34.49       -8.44     1
          14      29.56      -16.89     1
          15      24.64       -8.44     1
          16          0       61.92     1
          17      19.71       33.77     1
          18       4.93       25.33     1
          19       9.85       33.77     1
          20      14.78       25.33     1
          21       9.85       16.89     1
          22      29.56       61.92     1
          23      14.78        8.44     1
          24      14.78       -8.44     1
          25       4.93       -8.44     1
          26       4.93        2.81     1
          27      19.71       16.89     1
          28      19.71           0     1
          29       9.85      -33.77     1
          30      19.71      -16.89     1
          31          0       -5.63     1
          32       4.93      -25.33     1
          33       9.85      -16.89     1
          34      14.78      -25.33     1
          35      19.71      -33.77     1
          36     -19.71       33.77     1
          37     -59.12       61.92     1
          38          0       33.77     1
          39      -9.85       33.77     1
          40      -4.93       25.33     1
          41       4.93        8.44     1
          42          0       16.89     1
          43      -4.93        2.81     1
          44          0       11.26     1
          45      -9.85           0     1
          46       4.93       -2.81     1
          47          0        5.63     1
          48          0      -11.26     1
          49      -4.93      -25.33     1
          50      -9.85      -33.77     1
          51      -4.93       -8.44     1
          52          0           0     1
          53          0      -33.77     1
          54     -64.05       36.59     1
          55     -24.64       25.33     1
          56      -9.85       16.89     1
          57     -29.56       33.77     1
          58     -14.78       25.33     1
          59     -34.49       25.33     1
          60     -19.71       16.89     1
          61     -24.64       -8.44     1
          62      -4.93        8.44     1
          63     -14.78        8.44     1
          64     -14.78       -8.44     1
          65     -24.64        8.44     1
          66      -4.93       -2.81     1
          67     -14.78      -25.33     1
          68     -19.71      -16.89     1
          69     -19.71      -33.77     1
          70     -64.05      -30.96     1
          71      -9.85      -16.89     1
          72     -29.56      -33.77     1
          73     -29.56           0     1
          74     -34.49       -8.44     1
          75     -29.56       16.89     1
          76     -34.49        8.44     1
          77     -29.56      -16.89     1
          78     -34.49      -25.33     1
          79          0      -16.89     1
          80     -64.05        2.81     1
          81     -24.64      -25.33     1
          82     -19.71           0     1
          83        9.85        -5.6    1
          84      -29.56       56.32    1
          85       34.49       19.73    1
          86       24.64        2.84    1
          87       29.56       11.29    1
          88       29.56       28.17    1
          89       24.64       19.73    1
          90       29.56        -5.6    1
          91       34.49        2.84    1
          92       34.49      -30.93    1
          93       24.64      -30.93    1
          94       29.56      -39.37    1
          95       34.49      -14.04    1
          96       29.56      -22.49    1
          97       24.64      -14.04    1
          98           0       56.32    1
          99       19.71       28.17    1
         100        4.93       19.73    1
         101        9.85       28.17    1
         102       14.78       19.73    1
         103        9.85       11.29    1
         104       29.56       56.32    1
         105       14.78        2.84    1
         106       14.78      -14.04    1
         107        4.93      -14.04    1
         108        4.93       -2.79    1
         109       19.71       11.29    1
         110       19.71        -5.6    1
         111        9.85      -39.37    1
         112       19.71      -22.49    1
         113           0      -11.23    1
         114        4.93      -30.93    1
         115        9.85      -22.49    1
         116       14.78      -30.93    1
         117       19.71      -39.37    1
         118      -19.71       28.17    1
         119      -59.12       56.32    1
         120           0       28.17    1
         121       -9.85       28.17    1
         122       -4.93       19.73    1
         123        4.93        2.84    1
         124           0       11.29    1
         125       -4.93       -2.79    1
         126           0        5.66    1
         127       -9.85        -5.6    1
         128        4.93       -8.41    1
         129           0        0.03    1
         130           0      -16.86    1
         131       -4.93      -30.93    1
         132       -9.85      -39.37    1
         133       -4.93      -14.04    1
         134           0        -5.6    1
         135           0      -39.37    1
         136      -64.05       30.99    1
         137      -24.64       19.73    1
         138       -9.85       11.29    1
         139      -29.56       28.17    1
         140      -14.78       19.73    1
         141      -34.49       19.73    1
         142      -19.71       11.29    1
         143      -24.64      -14.04    1
         144       -4.93        2.84    1
         145      -14.78        2.84    1
         146      -14.78      -14.04    1
         147      -24.64        2.84    1
         148       -4.93       -8.41    1
         149      -14.78      -30.93    1
         150      -19.71      -22.49    1
         151      -19.71      -39.37    1
         152      -64.05      -36.56    1
         153       -9.85      -22.49    1
         154      -29.56      -39.37    1
         155      -29.56        -5.6    1
         156      -34.49      -14.04    1
         157      -29.56       11.29    1
         158      -34.49        2.84    1
         159      -29.56      -22.49    1
         160      -34.49      -30.93    1
         161           0      -22.49    1
         162      -64.05       -2.79    1
         163      -24.64      -30.93    1
         164      -19.71        -5.6    1
         165        4.95        -2.8    1
         166      -34.46       59.12    1
         167       29.59       22.53    1
         168       19.74        5.64    1
         169       24.66       14.09    1
         170       24.66       30.97    1
         171       19.74       22.53    1
         172       24.66        -2.8    1
         173       29.59        5.64    1
         174       29.59      -28.13    1
         175       19.74      -28.13    1
         176       24.66      -36.57    1
         177       29.59      -11.24    1
         178       24.66      -19.69    1
         179       19.74      -11.24    1
         180        -4.9       59.12    1
         181       14.81       30.97    1
         182        0.03       22.53    1
         183        4.95       30.97    1
         184        9.88       22.53    1
         185        4.95       14.09    1
         186       24.66       59.12    1
         187        9.88        5.64    1
         188        9.88      -11.24    1
         189        0.03      -11.24    1
         190        0.03        0.01    1
         191       14.81       14.09    1
         192       14.81        -2.8    1
         193        4.95      -36.57    1
         194       14.81      -19.69    1
         195        -4.9       -8.43    1
         196        0.03      -28.13    1
         197        4.95      -19.69    1
         198        9.88      -28.13    1
         199       14.81      -36.57    1
         200      -24.61       30.97    1
         201      -64.02       59.12    1
         202        -4.9       30.97    1
         203      -14.75       30.97    1
         204       -9.83       22.53    1
         205        0.03        5.64    1
         206        -4.9       14.09    1
         207       -9.83        0.01    1
         208        -4.9        8.46    1
         209      -14.75        -2.8    1
         210        0.03       -5.61    1
         211        -4.9        2.83    1
         212        -4.9      -14.06    1
         213       -9.83      -28.13    1
         214      -14.75      -36.57    1
         215       -9.83      -11.24    1
         216        -4.9        -2.8    1
         217        -4.9      -36.57    1
         218      -68.95       33.79    1
         219      -29.54       22.53    1
         220      -14.75       14.09    1
         221      -34.46       30.97    1
         222      -19.68       22.53    1
         223      -39.39       22.53    1
         224      -24.61       14.09    1
         225      -29.54      -11.24    1
         226       -9.83        5.64    1
         227      -19.68        5.64    1
         228      -19.68      -11.24    1
         229      -29.54        5.64    1
         230       -9.83       -5.61    1
         231      -19.68      -28.13    1
         232      -24.61      -19.69    1
         233      -24.61      -36.57    1
         234      -68.95      -33.76    1
         235      -14.75      -19.69    1
         236      -34.46      -36.57    1
         237      -34.46        -2.8    1
         238      -39.39      -11.24    1
         239      -34.46       14.09    1
         240      -39.39        5.64    1
         241      -34.46      -19.69    1
         242      -39.39      -28.13    1
         243        -4.9      -19.69    1
         244      -68.95        0.01    1
         245      -29.54      -28.13    1
         246      -24.61        -2.8    1
