           1          -4           0        9.85           0
           2          12          22      -29.56       61.92
           3         -14           9       34.49       25.33
           4         -10           3       24.64        8.44
           5         -12           6       29.56       16.89
           6         -12          12       29.56       33.77
           7         -10           9       24.64       25.33
           8         -12           0       29.56           0
           9         -14           3       34.49        8.44
          10         -14          -9       34.49      -25.33
          11         -10          -9       24.64      -25.33
          12         -12         -12       29.56      -33.77
          13         -14          -3       34.49       -8.44
          14         -12          -6       29.56      -16.89
          15         -10          -3       24.64       -8.44
          16           0          22           0       61.92
          17          -8          12       19.71       33.77
          18          -2           9        4.93       25.33
          19          -4          12        9.85       33.77
          20          -6           9       14.78       25.33
          21          -4           6        9.85       16.89
          22         -12          22       29.56       61.92
          23          -6           3       14.78        8.44
          24          -6          -3       14.78       -8.44
          25          -2          -3        4.93       -8.44
          26          -2           1        4.93        2.81
          27          -8           6       19.71       16.89
          28          -8           0       19.71           0
          29          -4         -12        9.85      -33.77
          30          -8          -6       19.71      -16.89
          31           0          -2           0       -5.63
          32          -2          -9        4.93      -25.33
          33          -4          -6        9.85      -16.89
          34          -6          -9       14.78      -25.33
          35          -8         -12       19.71      -33.77
          36           8          12      -19.71       33.77
          37          24          22      -59.12       61.92
          38           0          12           0       33.77
          39           4          12       -9.85       33.77
          40           2           9       -4.93       25.33
          41          -2           3        4.93        8.44
          42           0           6           0       16.89
          43           2           1       -4.93        2.81
          44           0           4           0       11.26
          45           4           0       -9.85           0
          46          -2          -1        4.93       -2.81
          47           0           2           0        5.63
          48           0          -4           0      -11.26
          49           2          -9       -4.93      -25.33
          50           4         -12       -9.85      -33.77
          51           2          -3       -4.93       -8.44
          52           0           0           0           0
          53           0         -12           0      -33.77
          54          26          13      -64.05       36.59
          55          10           9      -24.64       25.33
          56           4           6       -9.85       16.89
          57          12          12      -29.56       33.77
          58           6           9      -14.78       25.33
          59          14           9      -34.49       25.33
          60           8           6      -19.71       16.89
          61          10          -3      -24.64       -8.44
          62           2           3       -4.93        8.44
          63           6           3      -14.78        8.44
          64           6          -3      -14.78       -8.44
          65          10           3      -24.64        8.44
          66           2          -1       -4.93       -2.81
          67           6          -9      -14.78      -25.33
          68           8          -6      -19.71      -16.89
          69           8         -12      -19.71      -33.77
          70          26         -11      -64.05      -30.96
          71           4          -6       -9.85      -16.89
          72          12         -12      -29.56      -33.77
          73          12           0      -29.56           0
          74          14          -3      -34.49       -8.44
          75          12           6      -29.56       16.89
          76          14           3      -34.49        8.44
          77          12          -6      -29.56      -16.89
          78          14          -9      -34.49      -25.33
          79           0          -6           0      -16.89
          80          26           1      -64.05        2.81
          81          10          -9      -24.64      -25.33
          82           8           0      -19.71           0
          83          -4          -2        9.85        -5.6
          84          12          20      -29.56       56.32
          85         -14           7       34.49       19.73
          86         -10           1       24.64        2.84
          87         -12           4       29.56       11.29
          88         -12          10       29.56       28.17
          89         -10           7       24.64       19.73
          90         -12          -2       29.56        -5.6
          91         -14           1       34.49        2.84
          92         -14         -11       34.49      -30.93
          93         -10         -11       24.64      -30.93
          94         -12         -14       29.56      -39.37
          95         -14          -5       34.49      -14.04
          96         -12          -8       29.56      -22.49
          97         -10          -5       24.64      -14.04
          98           0          20           0       56.32
          99          -8          10       19.71       28.17
         100          -2           7        4.93       19.73
         101          -4          10        9.85       28.17
         102          -6           7       14.78       19.73
         103          -4           4        9.85       11.29
         104         -12          20       29.56       56.32
         105          -6           1       14.78        2.84
         106          -6          -5       14.78      -14.04
         107          -2          -5        4.93      -14.04
         108          -2          -1        4.93       -2.79
         109          -8           4       19.71       11.29
         110          -8          -2       19.71        -5.6
         111          -4         -14        9.85      -39.37
         112          -8          -8       19.71      -22.49
         113           0          -4           0      -11.23
         114          -2         -11        4.93      -30.93
         115          -4          -8        9.85      -22.49
         116          -6         -11       14.78      -30.93
         117          -8         -14       19.71      -39.37
         118           8          10      -19.71       28.17
         119          24          20      -59.12       56.32
         120           0          10           0       28.17
         121           4          10       -9.85       28.17
         122           2           7       -4.93       19.73
         123          -2           1        4.93        2.84
         124           0           4           0       11.29
         125           2          -1       -4.93       -2.79
         126           0           2           0        5.66
         127           4          -2       -9.85        -5.6
         128          -2          -3        4.93       -8.41
         129           0           0           0        0.03
         130           0          -6           0      -16.86
         131           2         -11       -4.93      -30.93
         132           4         -14       -9.85      -39.37
         133           2          -5       -4.93      -14.04
         134           0          -2           0        -5.6
         135           0         -14           0      -39.37
         136          26          11      -64.05       30.99
         137          10           7      -24.64       19.73
         138           4           4       -9.85       11.29
         139          12          10      -29.56       28.17
         140           6           7      -14.78       19.73
         141          14           7      -34.49       19.73
         142           8           4      -19.71       11.29
         143          10          -5      -24.64      -14.04
         144           2           1       -4.93        2.84
         145           6           1      -14.78        2.84
         146           6          -5      -14.78      -14.04
         147          10           1      -24.64        2.84
         148           2          -3       -4.93       -8.41
         149           6         -11      -14.78      -30.93
         150           8          -8      -19.71      -22.49
         151           8         -14      -19.71      -39.37
         152          26         -13      -64.05      -36.56
         153           4          -8       -9.85      -22.49
         154          12         -14      -29.56      -39.37
         155          12          -2      -29.56        -5.6
         156          14          -5      -34.49      -14.04
         157          12           4      -29.56       11.29
         158          14           1      -34.49        2.84
         159          12          -8      -29.56      -22.49
         160          14         -11      -34.49      -30.93
         161           0          -8           0      -22.49
         162          26          -1      -64.05       -2.79
         163          10         -11      -24.64      -30.93
         164           8          -2      -19.71        -5.6
         165          -2          -1        4.95        -2.8
         166          14          21      -34.46       59.12
         167         -12           8       29.59       22.53
         168          -8           2       19.74        5.64
         169         -10           5       24.66       14.09
         170         -10          11       24.66       30.97
         171          -8           8       19.74       22.53
         172         -10          -1       24.66        -2.8
         173         -12           2       29.59        5.64
         174         -12         -10       29.59      -28.13
         175          -8         -10       19.74      -28.13
         176         -10         -13       24.66      -36.57
         177         -12          -4       29.59      -11.24
         178         -10          -7       24.66      -19.69
         179          -8          -4       19.74      -11.24
         180           2          21        -4.9       59.12
         181          -6          11       14.81       30.97
         182           0           8        0.03       22.53
         183          -2          11        4.95       30.97
         184          -4           8        9.88       22.53
         185          -2           5        4.95       14.09
         186         -10          21       24.66       59.12
         187          -4           2        9.88        5.64
         188          -4          -4        9.88      -11.24
         189           0          -4        0.03      -11.24
         190           0           0        0.03        0.01
         191          -6           5       14.81       14.09
         192          -6          -1       14.81        -2.8
         193          -2         -13        4.95      -36.57
         194          -6          -7       14.81      -19.69
         195           2          -3        -4.9       -8.43
         196           0         -10        0.03      -28.13
         197          -2          -7        4.95      -19.69
         198          -4         -10        9.88      -28.13
         199          -6         -13       14.81      -36.57
         200          10          11      -24.61       30.97
         201          26          21      -64.02       59.12
         202           2          11        -4.9       30.97
         203           6          11      -14.75       30.97
         204           4           8       -9.83       22.53
         205           0           2        0.03        5.64
         206           2           5        -4.9       14.09
         207           4           0       -9.83        0.01
         208           2           3        -4.9        8.46
         209           6          -1      -14.75        -2.8
         210           0          -2        0.03       -5.61
         211           2           1        -4.9        2.83
         212           2          -5        -4.9      -14.06
         213           4         -10       -9.83      -28.13
         214           6         -13      -14.75      -36.57
         215           4          -4       -9.83      -11.24
         216           2          -1        -4.9        -2.8
         217           2         -13        -4.9      -36.57
         218          28          12      -68.95       33.79
         219          12           8      -29.54       22.53
         220           6           5      -14.75       14.09
         221          14          11      -34.46       30.97
         222           8           8      -19.68       22.53
         223          16           8      -39.39       22.53
         224          10           5      -24.61       14.09
         225          12          -4      -29.54      -11.24
         226           4           2       -9.83        5.64
         227           8           2      -19.68        5.64
         228           8          -4      -19.68      -11.24
         229          12           2      -29.54        5.64
         230           4          -2       -9.83       -5.61
         231           8         -10      -19.68      -28.13
         232          10          -7      -24.61      -19.69
         233          10         -13      -24.61      -36.57
         234          28         -12      -68.95      -33.76
         235           6          -7      -14.75      -19.69
         236          14         -13      -34.46      -36.57
         237          14          -1      -34.46        -2.8
         238          16          -4      -39.39      -11.24
         239          14           5      -34.46       14.09
         240          16           2      -39.39        5.64
         241          14          -7      -34.46      -19.69
         242          16         -10      -39.39      -28.13
         243           2          -7        -4.9      -19.69
         244          28           0      -68.95        0.01
         245          12         -10      -29.54      -28.13
         246          10          -1      -24.61        -2.8
