# Region file format: DS9 version 4.1
global color=green dashlist=8 3 width=1 font="helvetica 10 normal roman" select=1 highlite=1 dash=0 fixed=0 edit=1 move=1 delete=1 include=1 source=1
fk5
polygon(174.0240150,45.2948957,174.0239232,45.2949819,174.0238161,45.2950680,174.0236937,45.2951649,174.0234947,45.2952403,174.0232379,45.2953037,174.0224938,45.2950122,174.0222599,45.2947505,174.0221216,45.2940028,174.0225255,45.2936439,174.0233226,45.2934868,174.0235671,45.2937186,174.0245238,45.2938680,174.0246726,45.2939502,174.0239817,45.2941522,174.0247152,45.2943764,174.0246940,45.2946157,174.0242157,45.2946382,174.0241525,45.2947271,174.0241008,45.2948102,174.0240763,45.2948742) # color=red text={reg3_05_1740}
polygon(174.0316408,45.2949438,174.0303548,45.2951683,174.0292387,45.2949816,174.0289196,45.2944881,174.0284395,45.2940769,174.0278886,45.2942816,174.0274753,45.2942063,174.0271692,45.2940448,174.0273527,45.2937002,174.0282251,45.2933986,174.0281434,45.2930750,174.0278669,45.2925517,174.0282814,45.2924694,174.0296099,45.2924169,174.0303434,45.2928056,174.0310450,45.2930671,174.0316828,45.2931867,174.0319168,45.2938521) # color=red text={reg1_07_1737}
polygon(174.0247046,45.2958819,174.0236666,45.2961134,174.0233078,45.2960112,174.0231455,45.2959391,174.0231497,45.2957799,174.0230941,45.2954974,174.0233205,45.2953261,174.0235554,45.2952269,174.0237604,45.2951548,174.0239953,45.2949865,174.0242601,45.2947701,174.0246574,45.2947130,174.0247386,45.2950105,174.0247771,45.2954071) # color=red text={reg2_05_1743}
circle(174.0244587,45.2775369,2.315") # color=red width=2 text={reg16_05_1639}
polygon(174.0156262,45.2813802,174.0151820,45.2815142,174.0148965,45.2818044,174.0143253,45.2818044,174.0135955,45.2818491,174.0130878,45.2818044,174.0126435,45.2816258,174.0121676,45.2811570,174.0120407,45.2803085,174.0123897,45.2799960,174.0122311,45.2796388,174.0124215,45.2791476,174.0132782,45.2791699,174.0140714,45.2792369,174.0147060,45.2790806,174.0152454,45.2790359,174.0158165,45.2792368,174.0160069,45.2797503,174.0165463,45.2799736,174.0166733,45.2805764,174.0164512,45.2808667,174.0158483,45.2807774) # color=red text={reg12_03_1649}
polygon(174.0317447,45.2786549,174.0309832,45.2788113,174.0302217,45.2788337,174.0296188,45.2787445,174.0290476,45.2783650,174.0287302,45.2781418,174.0286349,45.2776953,174.0282859,45.2774721,174.0278734,45.2775168,174.0278098,45.2769810,174.0285078,45.2768023,174.0292693,45.2769584,174.0297771,45.2774272,174.0301897,45.2777844,174.0309194,45.2777396,174.0317126,45.2776279,174.0322203,45.2777394,174.0321888,45.2784092) # color=yellow text={reg14_07_1640}
polygon(174.0367897,45.2791449,174.0360600,45.2792344,174.0353302,45.2793908,174.0347273,45.2790560,174.0338071,45.2789892,174.0331089,45.2787437,174.0325378,45.2786099,174.0322522,45.2784537,174.0322518,45.2775606,174.0332037,45.2775158,174.0337115,45.2780292,174.0346951,45.2779174,174.0352980,45.2780066,174.0358690,45.2777162,174.0361227,45.2775375,174.0367892,45.2779170,174.0373605,45.2782741,174.0373924,45.2786983,174.0372974,45.2791002) # color=yellow text={reg13_08_1642}
polygon(174.0344857,45.2818418,174.0341033,45.2822831,174.0334658,45.2824701,174.0328601,45.2824403,174.0322330,45.2822011,174.0319991,45.2818497,174.0309788,45.2815434,174.0304793,45.2810948,174.0300541,45.2807958,174.0296563,45.2805971,174.0296378,45.2804241,174.0295452,45.2800766,174.0298518,45.2795995,174.0303619,45.2795396,174.0305637,45.2793003,174.0310207,45.2794124,174.0313714,45.2796815,174.0314991,45.2800852,174.0317436,45.2803469,174.0322749,45.2804440,174.0328169,45.2805785,174.0332739,45.2806532,174.0338159,45.2808774,174.0343898,45.2811764,174.0345600,45.2815203) # color=yellow text={reg11_07_1651}
polygon(174.0369358,45.2846716,174.0366299,45.2850485,174.0368187,45.2852225,174.0363469,45.2854290,174.0357858,45.2853573,174.0354669,45.2852766,174.0351482,45.2854292,174.0349696,45.2852229,174.0345742,45.2850525,174.0340511,45.2848385,174.0337834,45.2847117,174.0337577,45.2842272,174.0339105,45.2836349,174.0336425,45.2830607,174.0336423,45.2824686,174.0340502,45.2823411,174.0344582,45.2819749,174.0346494,45.2815711,174.0343814,45.2810418,174.0350189,45.2808533,174.0354653,45.2810954,174.0358860,45.2809787,174.0362559,45.2809966,174.0363070,45.2812657,174.0366896,45.2813554,174.0374804,45.2817500,174.0375995,45.2823404,174.0376721,45.2827908,174.0376852,45.2835086,174.0374686,45.2840829,174.0372111,45.2843916) # color=yellow text={reg10_08_1659}
polygon(174.0256036,45.2894430,174.0252198,45.2894378,174.0248507,45.2893028,174.0242972,45.2892510,174.0237731,45.2892666,174.0235738,45.2888409,174.0237281,45.2887038,174.0239024,45.2886064,174.0239280,45.2884838,174.0239126,45.2883035,174.0236922,45.2883829,174.0232310,45.2885560,174.0231309,45.2884774,174.0232046,45.2880153,174.0228060,45.2874338,174.0236031,45.2876674,174.0247692,45.2874855,174.0248522,45.2874621,174.0259022,45.2875475,174.0269537,45.2875268,174.0271679,45.2879629,174.0270203,45.2882018,174.0269392,45.2884251,174.0271459,45.2885860,174.0270426,45.2887262,174.0270722,45.2890274,174.0267253,45.2891105,174.0261054,45.2893546,174.0257290,45.2892249) # color=yellow text={reg8_06_1718}
polygon(174.0302202,45.2922408,174.0299865,45.2923101,174.0296420,45.2921457,174.0294698,45.2919250,174.0291253,45.2920332,174.0286456,45.2920593,174.0279752,45.2920637,174.0269480,45.2921893,174.0267143,45.2921244,174.0264867,45.2920033,174.0268987,45.2916614,174.0270708,45.2914104,174.0273045,45.2913628,174.0272307,45.2911205,174.0272429,45.2908868,174.0274704,45.2906964,174.0276734,45.2905969,174.0278948,45.2906834,174.0280302,45.2908132,174.0282024,45.2907785,174.0288236,45.2906876,174.0286083,45.2905491,174.0280978,45.2906790,174.0278517,45.2905319,174.0280608,45.2904584,174.0282637,45.2902203,174.0285589,45.2900429,174.0288480,45.2900905,174.0290510,45.2901770,174.0291248,45.2901207,174.0294138,45.2900038,174.0295491,45.2899000,174.0299674,45.2899778,174.0304349,45.2900772,174.0305395,45.2901854,174.0304165,45.2903931,174.0303550,45.2905316,174.0303059,45.2907523,174.0303429,45.2909556,174.0304106,45.2912499,174.0300231,45.2912716,174.0298940,45.2914490,174.0297465,45.2916524,174.0299372,45.2918341,174.0301894,45.2918946,174.0302448,45.2920071) # color=yellow text={reg5_07_1727}
polygon(174.0333241,45.2909348,174.0328731,45.2910467,174.0322734,45.2910504,174.0321554,45.2908016,174.0317351,45.2907115,174.0316684,45.2905457,174.0313301,45.2904592,174.0310892,45.2905205,174.0307971,45.2904773,174.0307919,45.2903259,174.0306278,45.2901781,174.0305251,45.2901708,174.0303778,45.2900436,174.0300959,45.2900040,174.0294705,45.2898851,174.0290759,45.2898167,174.0289938,45.2896724,174.0291173,45.2894775,174.0291130,45.2893784,174.0286303,45.2893033,174.0283186,45.2893154,174.0281305,45.2890269,174.0281945,45.2887445,174.0283653,45.2885702,174.0285575,45.2883899,174.0288180,45.2882426,174.0291853,45.2883537,174.0293305,45.2881524,174.0292834,45.2879120,174.0294585,45.2877467,174.0304707,45.2877405,174.0306075,45.2879208,174.0308039,45.2877224,174.0312011,45.2877194,174.0313378,45.2878636,174.0313805,45.2877494,174.0315982,45.2875691,174.0319741,45.2876592,174.0319101,45.2878154,174.0320084,45.2878845,174.0321450,45.2877463,174.0325721,45.2878063,174.0326832,45.2879385,174.0330463,45.2880015,174.0333580,45.2878963,174.0337809,45.2881036,174.0339562,45.2884100,174.0341272,45.2888487,174.0342257,45.2890461,174.0343640,45.2895212,174.0346000,45.2898781,174.0344515,45.2903180,174.0341747,45.2902892,174.0338467,45.2903145,174.0336110,45.2905634) # color=yellow text={reg7_07_1720}
polygon(174.0405114,45.2906731,174.0386959,45.2910422,174.0386957,45.2905852,174.0389613,45.2904190,174.0391089,45.2903255,174.0387989,45.2903256,174.0389685,45.2899517,174.0387914,45.2899725,174.0385404,45.2899207,174.0389830,45.2894584,174.0388648,45.2892456,174.0383852,45.2891125,174.0385324,45.2886433,174.0384741,45.2882959,174.0389306,45.2879111,174.0392113,45.2882381,174.0394695,45.2881291,174.0397426,45.2882069,174.0399566,45.2880718,174.0403036,45.2882223,174.0404659,45.2881340,174.0407758,45.2880924,174.0411154,45.2882948,174.0413369,45.2884817,174.0413961,45.2886998,174.0412781,45.2889283,174.0411528,45.2892346,174.0409831,45.2893853,174.0407618,45.2895255,174.0409463,45.2896293,174.0408136,45.2898267,174.0405627,45.2899877,174.0408506,45.2901278,174.0405629,45.2903460) # color=yellow text={reg6_09_1721}
polygon(174.0358832,45.2919474,174.0357047,45.2921000,174.0353476,45.2921000,174.0353220,45.2918668,174.0350032,45.2919296,174.0344420,45.2919118,174.0348755,45.2915349,174.0350539,45.2912746,174.0351814,45.2909875,174.0352833,45.2906734,174.0354617,45.2903952,174.0350408,45.2903146,174.0347092,45.2902518,174.0349514,45.2899646,174.0353595,45.2899377,174.0354231,45.2894083,174.0356143,45.2892467,174.0354357,45.2890942,174.0355504,45.2888789,174.0357416,45.2886096,174.0359838,45.2883942,174.0363536,45.2882147,174.0369276,45.2885466,174.0366344,45.2887799,174.0366472,45.2889414,174.0369789,45.2891388,174.0372213,45.2892554,174.0374254,45.2894796,174.0374894,45.2898295,174.0376297,45.2900090,174.0377318,45.2901704,174.0377064,45.2903589,174.0374131,45.2904935,174.0372091,45.2905564,174.0369923,45.2906820,174.0367756,45.2908795,174.0368777,45.2911307,174.0366609,45.2911935,174.0365207,45.2912743,174.0363422,45.2914359,174.0363550,45.2916333,174.0360872,45.2916333,174.0357939,45.2918218) # color=yellow text={reg4_08_1725}
polygon(174.0239432,45.2848969,174.0236259,45.2850683,174.0232384,45.2849082,174.0231215,45.2846616,174.0231276,45.2844323,174.0231829,45.2840143,174.0235641,45.2837356,174.0235370,45.2834846,174.0241420,45.2828225,174.0245356,45.2826883,174.0249390,45.2827627,174.0250829,45.2827662,174.0253536,45.2830907,174.0252061,45.2834412,174.0250094,45.2837008,174.0249602,45.2838047,174.0249172,45.2839172,174.0248065,45.2840254,174.0247204,45.2841292,174.0245544,45.2841812,174.0244482,45.2842122,174.0241731,45.2842894,174.0240686,45.2844815) # text={reg11_05_1702}
circle(174.0261900,45.2846439,0.842") # text={reg11_06_1704_2}
ellipse(174.0227642,45.2827058,0.919",1.558",0.018776705) # text={reg11_05_1657}
circle(174.0261900,45.2831078,0.633") # text={reg11_06_1659}
polygon(174.0267861,45.2871073,174.0263433,45.2871333,174.0261440,45.2869724,174.0256348,45.2869517,174.0254650,45.2867803,174.0253542,45.2865622,174.0252066,45.2864636,174.0246752,45.2863754,174.0246088,45.2862196,174.0243873,45.2861729,174.0240774,45.2860899,174.0236863,45.2862768,174.0230074,45.2869415,174.0219741,45.2864016,174.0220847,45.2859291,174.0219371,45.2857733,174.0209629,45.2856124,174.0210882,45.2848595,174.0216563,45.2834783,174.0234053,45.2838156,174.0232127,45.2839732,174.0230890,45.2844479,174.0230975,45.2846703,174.0232300,45.2849257,174.0236272,45.2850819,174.0239987,45.2848806,174.0240755,45.2845080,174.0241780,45.2843096,174.0247417,45.2841323,174.0249381,45.2839129,174.0259205,45.2845017,174.0258394,45.2846099,174.0258693,45.2847331,174.0259718,45.2848353,174.0261256,45.2848924,174.0263391,45.2848743,174.0264544,45.2848112,174.0268100,45.2851335,174.0267678,45.2853727,174.0268817,45.2855651,174.0267858,45.2858663,174.0265349,45.2859442,174.0264981,45.2862402,174.0262989,45.2864635,174.0264096,45.2867491,174.0267418,45.2867594) # text={reg11_05_1707}
polygon(174.0286881,45.2860126,174.0269996,45.2863795,174.0269953,45.2861030,174.0268415,45.2859348,174.0268457,45.2856944,174.0268827,45.2856299,174.0268506,45.2854543,174.0267813,45.2853743,174.0268134,45.2851413,174.0264624,45.2848144,174.0265118,45.2847362,174.0265340,45.2846231,174.0264771,45.2845136,174.0263783,45.2844406,174.0262225,45.2844075,174.0260471,45.2844249,174.0259235,45.2844980,174.0249348,45.2839103,174.0253646,45.2831000,174.0259355,45.2831068,174.0259776,45.2832025,174.0260839,45.2832738,174.0262173,45.2832877,174.0263730,45.2832442,174.0264471,45.2831363,174.0284987,45.2828808,174.0289386,45.2830250,174.0292077,45.2833585,174.0295964,45.2835237,174.0297760,45.2839170,174.0298056,45.2841195,174.0294883,45.2842338,174.0289201,45.2842339,174.0285732,45.2841353,174.0285215,45.2839400,174.0282190,45.2844365,174.0282708,45.2848415,174.0286202,45.2850088,174.0288982,45.2851270,174.0292376,45.2851269,174.0292227,45.2845973,174.0299533,45.2844414,174.0304960,45.2852119,174.0297151,45.2855538) # text={reg11_06_1704}
polygon(174.0259459,45.2831064,174.0253705,45.2830961,174.0250947,45.2827664,174.0245400,45.2826809,174.0241367,45.2828249,174.0235289,45.2834760,174.0235497,45.2837410,174.0234281,45.2838266,174.0229328,45.2837244,174.0224375,45.2836243,174.0217556,45.2834836,174.0215464,45.2827913,174.0216878,45.2825620,174.0217062,45.2822591,174.0219337,45.2820513,174.0220813,45.2818350,174.0222104,45.2816532,174.0225916,45.2815494,174.0228499,45.2814109,174.0230344,45.2812940,174.0233726,45.2812507,174.0236247,45.2811425,174.0236677,45.2809521,174.0239752,45.2809478,174.0241535,45.2808872,174.0243564,45.2807660,174.0245655,45.2807833,174.0248272,45.2807406,174.0251839,45.2809223,174.0256267,45.2811127,174.0258358,45.2810650,174.0260941,45.2813160,174.0263586,45.2814890,174.0265923,45.2814674,174.0269552,45.2817572,174.0273980,45.2817226,174.0275578,45.2819940,174.0276896,45.2823471,174.0279779,45.2824247,174.0282377,45.2826425,174.0284406,45.2827702,174.0284949,45.2828856,174.0264550,45.2831397,174.0264479,45.2830810,174.0263930,45.2830030,174.0262941,45.2829443,174.0261630,45.2829326,174.0260462,45.2829687,174.0259723,45.2830223) # text={reg11_05_1655}
polygon(174.0275411,45.2781576,174.0272092,45.2785834,174.0267517,45.2788327,174.0261467,45.2790560,174.0255417,45.2792742,174.0248111,45.2794404,174.0245529,45.2794404,174.0243684,45.2794301,174.0241618,45.2793834,174.0238149,45.2792951,174.0234238,45.2791757,174.0229662,45.2789837,174.0225899,45.2787500,174.0222504,45.2784645,174.0219920,45.2781166,174.0218370,45.2777791,174.0218370,45.2773793,174.0235637,45.2774311,174.0235416,45.2775609,174.0236006,45.2777582,174.0237261,45.2779243,174.0239475,45.2780801,174.0243534,45.2781839,174.0247149,45.2781683,174.0249880,45.2780800,174.0252167,45.2779242,174.0253273,45.2777788,174.0254158,45.2775347,174.0253715,45.2773686,174.0277844,45.2772437,174.0277697,45.2774566,174.0276296,45.2777422) # color=red text={reg11_05_1641}
polygon(174.0278022,45.2772067,174.0271770,45.2772357,174.0253630,45.2773351,174.0252918,45.2772225,174.0250996,45.2770347,174.0247864,45.2768995,174.0244270,45.2768545,174.0240534,45.2769246,174.0237438,45.2770899,174.0235517,45.2773954,174.0218594,45.2773522,174.0218447,45.2773158,174.0218682,45.2771388,174.0219245,45.2769153,174.0219655,45.2766304,174.0221191,45.2762013,174.0223651,45.2759381,174.0229133,45.2756892,174.0232822,45.2755269,174.0235897,45.2754548,174.0239945,45.2754367,174.0245735,45.2753862,174.0251013,45.2754690,174.0257470,45.2755771,174.0261672,45.2757394,174.0266745,45.2758619,174.0270332,45.2759881,174.0273561,45.2761972,174.0276482,45.2764207,174.0277866,45.2765577,174.0278021,45.2768606) # text={reg11_05_1635}
polygon(174.0302983,45.2834895,174.0296862,45.2835075,174.0292780,45.2833730,174.0289719,45.2830231,174.0286020,45.2828796,174.0279515,45.2823862,174.0277220,45.2823145,174.0274285,45.2817133,174.0269822,45.2817313,174.0258982,45.2810944,174.0248397,45.2807356,174.0243806,45.2807626,174.0232331,45.2812652,174.0219580,45.2817677,174.0217666,45.2815255,174.0230034,45.2807807,174.0235389,45.2802423,174.0242656,45.2794706,174.0252092,45.2794346,174.0258085,45.2794435,174.0262293,45.2795601,174.0275044,45.2792459,174.0284991,45.2795777,174.0276448,45.2797752,174.0295321,45.2799006,174.0294940,45.2805646,174.0292902,45.2813452,174.0294563,45.2823681,174.0303109,45.2829870) # text={reg11_06_1652}
polygon(174.0220423,45.2874520,174.0214489,45.2872464,174.0208379,45.2873150,174.0206695,45.2867480,174.0205454,45.2862370,174.0205631,45.2857572,174.0203770,45.2851653,174.0199076,45.2846170,174.0203149,45.2840438,174.0207576,45.2836387,174.0207044,45.2832026,174.0213597,45.2825545,174.0216609,45.2834143,174.0212979,45.2842431,174.0210058,45.2851092,174.0209439,45.2856264,174.0219181,45.2858070,174.0220598,45.2859690,174.0219802,45.2864363,174.0229633,45.2869783) # text={reg11_05_1707_2}
